custid	Beverages	Condiments	Confections	Dairy Products	Grains/Cereals	Meat/Poultry	Produce	Seafood
-----	-----		-----		-----		-----		-----		-----		-----	-----
1	648.00		1364.00		NULL		1255.00		NULL		NULL		775.20	554.00
2	60.00		NULL		64.40		1078.80		70.00		NULL		69.75	60.00
3	1862.50		68.00		1128.15		2373.20		377.50		1522.00		NULL	184.00
4	1377.00		NULL		5025.50		2205.50		2128.00		1094.40		1060.00	916.10
5	9100.05		1092.80		4599.85		2756.00		175.00		2572.45		2652.00	4020.00
6	342.00		114.00		363.00		1008.00		78.00		149.00		560.80	625.00
7	3990.80		NULL		1939.00		3013.50		2418.50		4998.20		1092.00	1636.00
...
...
...
87	1640.00		1120.00		470.30		5325.80		2716.00		3225.25		1024.25	1095.50
88	1799.00		124.80		573.30		825.00		212.00		1945.00		NULL	1001.60
89	9168.00		4965.10		3787.10		3493.50		722.00		3775.00		228.00	2934.75
90	582.00		753.00		562.75		702.00		84.00		120.00		136.80	220.80
91	828.50		627.00		779.10		810.00		NULL		22.35		306.00	159.00

(89 row(s) affected)